"PHEO"	"TN"	"TP"	"CHLA"	"DOP"	"DON"	"NH4F"	"NO2F"	"NO3F"	"PC"	"PO4F"	"DO"	"PH"	"SALINITY"	"WTEMP"	"Latitude"	"HABITAT"
"SB071116TAWCSCB22D11BR2TR2I616"	1.22309594869966	0.888905659153629	-0.16464827530506	0.967522386292657	-0.629386511967654	1.13124226041722	-0.227697295907908	0.266146579453311	0.786094250822517	0.488948782764751	-0.743295699759454	0.123122332858841	-1.37451757717015	-1.91591014429084	0.903853502283276	1.72373603247971	"1"
"SB071116TAWCSCB74D13BR2TR1I173"	0.125487575981089	-3.10162099876475	-1.63030032356179	-0.861915041564649	0.240137134396962	-2.78010396421859	-1.05743498325571	-0.661003203441417	-1.09037790553329	-2.06485014089824	0.038345432053522	0.467601519967183	0.394251662387204	2.21903893776332	-0.734588701646059	-1.57467210927603	"2"
"SB071116TAWCSCB64D10BR1TR1I165"	0.125487575981089	-1.18572171834983	-0.872940361009465	0.348100939490809	0.442482121990439	-1.29619233977649	-0.0443381428325349	-0.147894413628299	-0.341913428792524	-0.543790957408097	0.124036526323375	-0.369839262485855	-0.0675452326696403	1.0702175199377	0.394919384943595	-1.23708370930704	"2"
"SB071116TAWCSCB72D20BR1TR1I169"	0.413535143520396	-1.04417920707011	-0.102109048185538	-0.677438820874146	-2.48005581256772	-1.6360024762944	0.41897878163443	-0.211900305542525	-0.353347271053564	-0.333353461468037	0.400415393185554	0.0101677153932218	0.21998868312047	1.26268182420851	0.442630323481307	-0.991773864210612	"2"
"SB071116TAWCSCB63D10BR2TR1I164"	0.125487575981089	-0.690733359536715	-0.650257877160027	-0.271544751330862	0.509499952704025	-1.21502867554731	0.635158671872792	0.161504906555766	-0.340730617524141	-0.438253049580482	0.246276559412453	-0.329344060239577	-0.0849715305963165	0.8330680652095	0.54243200853016	-0.991773864210612	"2"
"SB071116TAWCSCB62D9BR2TR1I162"	0.125487575981089	-0.677178311425916	-1.0615968349412	0.334723017177847	0.461783286021448	-0.995855887017186	0.261984343344352	0.0401995593371692	-0.327325423149128	-0.104424140888263	-0.265576030656611	-0.583653930346206	-0.315869978124737	0.678328521745688	0.493832168885833	-0.886262595408274	"2"
"SB071116TAWCSCB62D9BR1TR1I161"	0.125487575981089	-0.677178311425916	-1.0615968349412	0.334723017177847	0.461783286021448	-0.995855887017186	0.261984343344352	0.0401995593371692	-0.327325423149128	-0.104424140888263	-0.265576030656611	-0.583653930346206	-0.315869978124737	0.678328521745688	0.493832168885833	-0.886262595408274	"2"
"SB071116TAWCSCB71D20BR2TR1I168"	0.125487575981089	-0.667549573403309	-0.887518438902281	-0.142227126342076	0.533229905923616	-1.11893917886694	0.763670708648549	0.266146579453311	-0.30209211609028	-1.11073062747658	0.346403460412277	-0.378748206980037	-0.0348709240571294	0.694271161643488	0.625965145034753	-0.610590400341629	"2"
"SB071116TAWCSCB71D20BR1TR1I167"	0.125487575981089	-0.667549573403309	-0.887518438902281	-0.142227126342076	0.533229905923616	-1.11893917886694	0.763670708648549	0.266146579453311	-0.30209211609028	-1.11073062747658	0.346403460412277	-0.378748206980037	-0.0348709240571294	0.694271161643488	0.625965145034753	-0.610590400341629	"2"
"SB071116TAWCSCB54D25BR2TR1I158"	0.125487575981089	-0.657582486955115	-0.701374933287299	-0.861915041564649	0.605322336685909	-1.3139143468564	0.836984571391228	0.238402591832244	-0.304457738627047	-0.986747031847882	0.495546500330043	-0.563811281245529	-0.217847052287199	0.711088146824965	0.442243863293563	-0.447045831042199	"2"
"SB071116TAWCSCB54D25BR1TR1I157"	0.125487575981089	-0.657582486955115	-0.701374933287299	-0.861915041564649	0.605322336685909	-1.3139143468564	0.836984571391228	0.238402591832244	-0.304457738627047	-0.986747031847882	0.495546500330043	-0.563811281245529	-0.217847052287199	0.711088146824965	0.442243863293563	-0.447045831042199	"2"
"SB071116TAWCSCB53D25BR2TR1I156"	0.800146949243118	0.31198906317176	0.043590247958219	-0.890468930199196	0.412626858362801	0.900131172428806	0.654839903246909	0.329424933990528	-0.259510910428475	-0.0529294558383681	0.231642787780171	-0.287229049903447	-0.0675452326696403	0.543504890916647	0.405234755519734	-0.292879106678167	"1"
"SB071116TAWCSCB63D10BR1TR1I163"	0.125487575981089	-0.690733359536715	-0.650257877160027	-0.271544751330862	0.509499952704025	-1.21502867554731	0.635158671872792	0.161504906555766	-0.340730617524141	-0.438253049580482	0.246276559412453	-0.329344060239577	-0.0849715305963165	0.8330680652095	0.54243200853016	-0.991773864210612	"2"
"SB071116TAWCSCB52D29BR1TR1I154"	-0.0937727135282659	0.196115878789171	-0.0463031373916796	-0.60198652476287	1.10457786519801	0.891385844906544	0.763670708648549	0.67859555256013	-0.310766065391759	-1.08241520592767	0.216746177365188	-0.578794506076652	-0.328939701569744	0.246093249454706	0.30047631588556	0.0252387004428936	"1"
"SB071116TAWCSCB53D25BR2TR2I615"	0.800146949243118	0.31198906317176	0.043590247958219	-0.890468930199196	0.412626858362801	0.900131172428806	0.654839903246909	0.329424933990528	-0.259510910428475	-0.0529294558383681	0.231642787780171	-0.287229049903447	-0.0675452326696403	0.543504890916647	0.405234755519734	-0.292879106678167	"1"
"SB071116TAWCSCB22D11BR1TR1I144"	1.22309594869966	0.888905659153629	-0.16464827530506	0.967522386292657	-0.629386511967654	1.13124226041722	-0.227697295907908	0.266146579453311	0.786094250822517	0.488948782764751	-0.743295699759454	0.123122332858841	-1.37451757717015	-1.91591014429084	0.903853502283276	1.72373603247971	"1"
"SB071116TAWCSCB33CD24BR1TR2I611"	-2.0482979738301	0.762114461994335	0.553280112164856	-1.27552907815127	-0.154552930719976	1.12920075528484	1.45886624746283	-0.32500323755913	-0.345987556494734	-1.90463567408645	1.0043559063218	-1.50748447759131	-1.37451757717015	-0.0898052544548873	-0.114934735296459	1.2292334378816	"1"
"SB071116TAWCSCB33CD24BR1TR1I148"	-2.0482979738301	0.762114461994335	0.553280112164856	-1.27552907815127	-0.154552930719976	1.12920075528484	1.45886624746283	-0.32500323755913	-0.345987556494734	-1.90463567408645	1.0043559063218	-1.50748447759131	-1.37451757717015	-0.0898052544548873	-0.114934735296459	1.2292334378816	"1"
"SB071116TAWCSCB22D11BR2TR1I145"	1.22309594869966	0.888905659153629	-0.16464827530506	0.967522386292657	-0.629386511967654	1.13124226041722	-0.227697295907908	0.266146579453311	0.786094250822517	0.488948782764751	-0.743295699759454	0.123122332858841	-1.37451757717015	-1.91591014429084	0.903853502283276	1.72373603247971	"1"
"SB071116TAWCSCB44D30BR1TR1I152"	-1.34049928367502	0.306400222866318	0.346778339183193	-1.75163327264158	1.35363208912492	1.22683724312205	1.12068275529726	0.568871370509534	-0.267396318884365	-2.17371464830786	0.597376915857366	-1.43729279369776	-1.11312310827005	0.260857233265987	-0.0366523395107695	0.414258061649525	"1"
"SB071116TAWCSCB51D33BR1TR1I153"	-2.17261131859711	0.490386221280592	0.516587736311998	-1.96699196965731	1.33420914797425	0.187725618195363	1.49915283797773	0.711933977411232	-0.291052544252035	-2.11527566264453	0.755317248540048	-1.34550366860619	-1.11312310827005	0.279574718647813	0.0162042702062182	0.279870319652986	"1"
"SB071116TAWCSCB52D29BR1TR2I619"	-0.0937727135282659	0.196115878789171	-0.0463031373916796	-0.60198652476287	1.10457786519801	0.891385844906544	0.763670708648549	0.67859555256013	-0.310766065391759	-1.08241520592767	0.216746177365188	-0.578794506076652	-0.328939701569744	0.246093249454706	0.30047631588556	0.0252387004428936	"1"
"SB071116TAWCSCB43CD26BR1TR1I151"	-1.44481029578838	0.456063303858965	0.250276222667934	-1.56990492265402	1.20227210405167	1.2633583414698	0.996134852159861	0.554123170226991	-0.28710984002409	-2.02617142589291	0.55133707271856	-1.37654999032834	-1.11312310827005	0.198925954600186	0.0314043646190504	0.611178787587511	"1"
"SB071316TAWCSCB22D11BR2TR2I613"	1.22309594869966	0.888905659153629	-0.16464827530506	0.967522386292657	-0.629386511967654	1.13124226041722	-0.227697295907908	0.266146579453311	0.786094250822517	0.488948782764751	-0.743295699759454	0.123122332858841	-1.37451757717015	-1.91591014429084	0.903853502283276	1.72373603247971	"1"
"SB081216TAWCSCB51D33BR1TR1I186"	-1.52592413950633	0.453896593500913	1.27964848574503	-1.81004714413834	1.6211728871594	1.10666344660625	0.883042815151733	1.33709819253619	-0.328113963994717	-1.34337165650903	1.37918163780686	-1.51828319819031	-0.851728639369946	0.507582937546779	0.983252990434734	0.279870319652986	"1"
"SB081216TAWCSCB54D25BR2TR1I191"	0.125487575981089	-0.351070322887366	0.267380365086943	-0.34209117795124	-0.45645930777947	-0.62726726800111	0.925749915378899	0.374805582670177	-0.322594178075594	-0.956644763731635	0.749942327504517	-0.467027747876924	0.282069869484244	1.04110044559375	0.92876898432804	-0.447045831042199	"2"
"SB081216TAWCSCB53D25BR2TR2I189"	0.69288946168006	0.646662196863933	0.781760780848544	-0.465039238143809	1.37283642104654	1.65096889967304	0.68105039457718	0.837944460804129	-0.318651473847649	0.234670913814229	0.711382863088384	-0.503203461883599	0.193849236230461	0.774157932190875	0.992129714630599	-0.292879106678167	"1"
"SB081216TAWCSCB53D25BR2TR1I189"	0.69288946168006	0.646662196863933	0.781760780848544	-0.465039238143809	1.37283642104654	1.65096889967304	0.68105039457718	0.837944460804129	-0.318651473847649	0.234670913814229	0.711382863088384	-0.503203461883599	0.193849236230461	0.774157932190875	0.992129714630599	-0.292879106678167	"1"
"SB081216TAWCSCB54D25BR1TR1I190"	0.125487575981089	-0.351070322887366	0.267380365086943	-0.34209117795124	-0.45645930777947	-0.62726726800111	0.925749915378899	0.374805582670177	-0.322594178075594	-0.956644763731635	0.749942327504517	-0.467027747876924	0.282069869484244	1.04110044559375	0.92876898432804	-0.447045831042199	"2"
"SB081216TAWCSCB61D11BR1TR1I192"	0.125487575981089	-0.436519184993965	-0.121925828874352	0.497516639062334	-0.16614709555596	-0.527116194424099	0.47997668886098	0.245483952648376	-0.332450938645456	-0.096870275142235	0.375914001182902	-0.570155529597446	0.202562385193799	1.08015011242616	0.880468320160081	-0.743744584259966	"2"
"SB081216TAWCSCB64D10BR2TR1I199"	0.125487575981089	-0.434801970572047	0.00950489952942289	0.461950935501335	0.0212036253058129	-0.476080872711388	0.669343011252721	0.0806708959388094	-0.315497310465293	-0.483854215792407	0.500932503864123	-0.0782738063126503	0.5467317692456	0.780215109736371	0.91333477340719	-1.23708370930704	"2"
"SB081216TAWCSCB62D9BR2TR1I195"	0.125487575981089	-0.575101239845044	0.103782073595118	0.0540759019955195	-0.274100286660148	-0.704144300582997	0.643258512956405	0.311272562691168	-0.332450938645456	-0.666630967565146	0.606934496579785	-0.253213080016573	0.337616194125518	1.27434014338411	0.729590875379165	-0.886262595408274	"2"
"SB081216TAWCSCB63D11BR2TR1I196"	0.150578444630687	-0.464193018024734	0.343555805232784	-0.20507097015638	-0.0977072165842604	-0.798030723664042	0.723641199790793	0.292431212088665	-0.338364994987374	-0.527936049286911	0.712789131021287	-0.0939319511812114	0.402964811350543	1.48900315148327	0.623986666564863	-0.991773864210612	"2"
"SB081216TAWCSCB72D20BR2TR1I203"	0.526593446573653	-1.17450449232191	0.225986574835417	-0.142227126342076	-0.32429939838547	-1.40286515218444	0.322027182877405	-0.284611017120964	-0.354924352744742	-0.386168785153663	0.530834586857259	0.169556831434574	0.5493457139346	1.61218601796169	0.560143343079833	-0.991773864210612	"2"
"SB081216TAWCSCB72D20BR1TR1I204"	0.526593446573653	-1.17450449232191	0.225986574835417	-0.142227126342076	-0.32429939838547	-1.40286515218444	0.322027182877405	-0.284611017120964	-0.354924352744742	-0.386168785153663	0.530834586857259	0.169556831434574	0.5493457139346	1.61218601796169	0.560143343079833	-0.991773864210612	"2"
"SB081216TAWCSCB73D12BR1TR1I205"	0.328249796826608	-1.32442236637329	-0.406719856926185	-0.0370961882138791	0.0625116542787856	-0.763185696059461	-0.423216577933432	-0.661003203441417	-0.921788855810113	-0.941235972136772	0.159704295370131	0.428726125810756	0.777630216774018	1.67846630978067	0.707942630713725	-1.40490367876387	"2"
"SB081216TAWCSCB43CD26BR1TR1I184"	-0.925288824550724	0.580354002652275	1.5624998958285	-1.41411648780055	1.79364807387911	0.800432525722152	1.42767415919802	-1.09858256501801	-0.314708769619704	-1.43096717466208	1.59725335313932	-1.52314262245987	-1.11312310827005	0.35561628163885	0.825337867432206	0.611178787587511	"1"
"SB081216TAWCSCB62D9BR1TR1I194"	0.125487575981089	-0.575101239845044	0.103782073595118	0.0540759019955195	-0.274100286660148	-0.704144300582997	0.643258512956405	0.311272562691168	-0.332450938645456	-0.666630967565146	0.606934496579785	-0.253213080016573	0.337616194125518	1.27434014338411	0.729590875379165	-0.886262595408274	"2"
"SB081216TAWCSCB42CD26BR1TR1I183"	-0.585269974030778	0.621539260005305	1.6199278641007	-1.56990492265402	1.7559612584209	0.809413292990634	1.46703968773605	-0.743424539452428	-0.322594178075594	-1.49434985630013	1.64972804769828	-1.51990300628016	-1.11312310827005	0.34374609767035	0.747706085881523	0.738922137208298	"1"
"SB081216TAWCSCB71D20BR2TR1I201"	0.57150867241905	-0.206825303224591	0.406674330866158	-0.271544751330862	-0.569838090372336	-0.708515182181947	0.95697431588271	0.238402591832244	-0.32574834145795	-0.228319269193522	0.744534876338907	-0.435441490124826	0.272267576900492	1.07547544722764	0.897473986956265	-0.610590400341629	"2"
"SB081216TAWCSCB42CD26BR2TR1I612"	-0.585269974030778	0.621539260005305	1.6199278641007	-1.56990492265402	1.7559612584209	0.809413292990634	1.46703968773605	-0.743424539452428	-0.322594178075594	-1.49434985630013	1.64972804769828	-1.51990300628016	-1.11312310827005	0.34374609767035	0.747706085881523	0.738922137208298	"1"
"SB081216TAWCSCB32D10BR1TR2I621"	0.357282299088698	0.992718228351321	1.51358167083818	0.128919707952104	0.826261020691364	0.742618751479798	0.817654127934929	1.91849101484108	-0.183416718829138	0.323167273388447	1.52958442545398	-1.16192541842306	-1.37451757717015	-0.975345109485174	0.969958363708075	1.46435241112747	"1"
"SB081216TAWCSCB41CD31BR1TR1I182"	-0.127266338558393	0.607251385693419	1.80537963862432	-1.15172584657166	2.15470075938075	0.60260008774328	1.51487345506481	-0.743424539452428	-0.353347271053564	-1.28527568376771	1.73472831188241	-1.52233271841494	-1.11312310827005	0.243141830869464	0.696442594459061	0.990890392385916	"1"
"SB081216TAWCSCB22D11BR1TR2I617"	1.15317079725516	1.11753530666334	0.610619889722965	0.623445973208192	-0.659932032053384	2.06350817663891	0.292505914990448	1.19546828096204	0.261714588505843	0.712638845960059	0.716994636746459	0.144719774056857	-1.37451757717015	-2.04744807455344	1.24510817038589	1.72373603247971	"1"
"SB081216TAWCSCB41CD31BR1TR2I618"	-0.127266338558393	0.607251385693419	1.80537963862432	-1.15172584657166	2.15470075938075	0.60260008774328	1.51487345506481	-0.743424539452428	-0.353347271053564	-1.28527568376771	1.73472831188241	-1.52233271841494	-1.11312310827005	0.243141830869464	0.696442594459061	0.990890392385916	"1"
"SB081216TAWCSCB22D11BR2TR1I175"	1.15317079725516	1.11753530666334	0.610619889722965	0.623445973208192	-0.659932032053384	2.06350817663891	0.292505914990448	1.19546828096204	0.261714588505843	0.712638845960059	0.716994636746459	0.144719774056857	-1.37451757717015	-2.04744807455344	1.24510817038589	1.72373603247971	"1"
"SB081216TAWCSCB33CD24BR1TR1I181"	1.02689289509892	0.852173162408193	1.94741913709026	-0.60198652476287	1.5452322265864	0.990100102145368	1.48921532977353	-0.743424539452428	-0.297952276650938	-0.289783628671188	1.90608427647884	-1.52476243054972	-1.11312310827005	0.0619007439828939	0.595094082681321	1.2292334378816	"1"
"SB081216TAWCSCB31D13BR1TR1I177"	0.778640507371183	1.00704869457808	1.30981292803561	0.526141045337915	1.12125221093334	1.25155629812448	0.506721217134452	1.80844484297845	-0.113236583571719	0.449186395738353	1.26845514557097	-0.924353565244895	-1.37451757717015	-1.1895159746706	1.05457231353759	1.58463834145731	"1"
"SB081216TAWCSCB22D11BR1TR1I176"	1.15317079725516	1.11753530666334	0.610619889722965	0.623445973208192	-0.659932032053384	2.06350817663891	0.292505914990448	1.19546828096204	0.261714588505843	0.712638845960059	0.716994636746459	0.144719774056857	-1.37451757717015	-2.04744807455344	1.24510817038589	1.72373603247971	"1"
"SB081216TAWCSCB33CD24BR1TR2I623"	1.02689289509892	0.852173162408193	1.94741913709026	-0.60198652476287	1.5452322265864	0.990100102145368	1.48921532977353	-0.743424539452428	-0.297952276650938	-0.289783628671188	1.90608427647884	-1.52476243054972	-1.11312310827005	0.0619007439828939	0.595094082681321	1.2292334378816	"1"
"SB081216TAWCSCB32D10BR1TR1I180"	0.357282299088698	0.992718228351321	1.51358167083818	0.128919707952104	0.826261020691364	0.742618751479798	0.817654127934929	1.91849101484108	-0.183416718829138	0.323167273388447	1.52958442545398	-1.16192541842306	-1.37451757717015	-0.975345109485174	0.969958363708075	1.46435241112747	"1"
"SB082916TAWCSCB43CD26BR1TR2I220"	-1.52592413950633	-0.46628374827521	1.43811199491754	-1.81004714413834	1.79364807387911	0.467766671721466	0.266024790740494	-0.743424539452428	-0.360444138663865	-1.8599687436547	1.50153175361802	-1.50856434965121	-0.851728639369946	0.504592248939799	0.996572168641958	0.611178787587511	"1"
"SB082916TAWCSCB62D9BR1TR1I232"	0.125487575981089	-0.279873231709785	0.549094372400739	-0.335643420976409	0.370394855391532	-0.244732331988496	0.503095153896439	0.931702422534563	-0.319834285116033	-0.230384897731642	0.756655944516103	-0.214337685860146	0.272267576900492	0.688668367198316	1.12419322100128	-0.886262595408274	"2"
"SB082916TAWCSCB64D10BR1TR1I236"	0.524889918617207	-0.615183382297548	0.54209062924014	0.128919707952104	1.01280060469115	-0.354893413048795	0.126619833300197	0.0506192840560826	-0.342307699215319	-0.22034266036167	0.603760218288395	0.030253335707376	0.285337300345497	1.36992425246748	0.797806995955025	-1.23708370930704	"2"
"SB082916TAWCSCB64D10BR2TR1I237"	0.524889918617207	-0.615183382297548	0.54209062924014	0.128919707952104	1.01280060469115	-0.354893413048795	0.126619833300197	0.0506192840560826	-0.342307699215319	-0.22034266036167	0.603760218288395	0.030253335707376	0.285337300345497	1.36992425246748	0.797806995955025	-1.23708370930704	"2"
"SB082916TAWCSCB74D13BR1TR1I246"	0.125487575981089	-2.77581272387546	-0.613003283008574	0.00671064941650792	0.237159965912422	-2.42128954276128	-1.39213015635467	-0.661003203441417	-1.00741234517683	-0.786066675705335	-0.279462312483425	0.779684545278503	0.542375194763931	2.15519335255272	0.188625115009963	-1.57467210927603	"2"
"SB082916TAWCSCB74D13BR2TR1I614"	0.125487575981089	-2.77581272387546	-0.613003283008574	0.00671064941650792	0.237159965912422	-2.42128954276128	-1.39213015635467	-0.661003203441417	-1.00741234517683	-0.786066675705335	-0.279462312483425	0.779684545278503	0.542375194763931	2.15519335255272	0.188625115009963	-1.57467210927603	"2"
"SB082916TAWCSCB72D20BR1TR1I241"	0.713583143044598	-1.19110666529081	0.516587736311998	-0.0370961882138791	0.826261020691364	-1.33278013504835	0.00694672021264616	-0.467957336859238	-0.360444138663865	-0.198694313044731	0.520398575474307	0.331537640419688	0.366369585704528	1.67165195618336	0.807819613953181	-0.991773864210612	"2"
"SB082916TAWCSCB31D13BR1TR2I212"	1.20453908438053	0.895686094874961	1.5191071535542	0.340153138813397	1.48372972906974	0.953213771826277	-0.926739943864899	1.9835671697541	-0.217718245612259	0.691647642785343	1.35977995626176	-0.58959322667566	-1.11312310827005	-0.93572093739034	1.09049385754839	1.58463834145731	"1"
"SB082916TAWCSCB63D10BR3TR1I234"	0.227294417203235	-0.426921372844353	0.589048726157867	0.171074299090246	0.525678300891387	-0.658154790756997	0.18593428574403	0.711933977411232	-0.34861602598003	0.329676287241028	0.49193704602339	0.079927450462811	0.376825364460533	0.915333998568567	1.05645385225963	-0.991773864210612	"2"
"SB082916TAWCSCB61D11BR1TR1I230"	0.125487575981089	-0.352718065846243	0.642372219222817	-0.456733063307973	0.646435999271436	-0.091725900747178	0.354890291614355	1.21246792058712	-0.322988448498388	-0.697608115767226	0.913414741607965	-0.898436635807277	-0.363792297423089	0.863159541015403	1.07565506545151	-0.743744584259966	"2"
"SB082916TAWCSCB61D11BR2TR1I231"	0.125487575981089	-0.352718065846243	0.642372219222817	-0.456733063307973	0.646435999271436	-0.091725900747178	0.354890291614355	1.21246792058712	-0.322988448498388	-0.697608115767226	0.913414741607965	-0.898436635807277	-0.363792297423089	0.863159541015403	1.07565506545151	-0.743744584259966	"2"
"SB082916TAWCSCB44D30BR1TR1I222"	0.0974000864212515	-0.492952833530035	1.45557837243618	-1.96699196965731	1.73294014618116	0.00824646172181177	0.252485065894288	0.292431212088665	-0.344673321752085	-0.681987509285899	1.48319960399882	-1.51828319819031	-0.851728639369946	0.639597885460482	0.989909510603275	0.414258061649525	"1"
"SB082916TAWCSCB52D29BR1TR1I224"	0.920677520962591	0.214944566516426	1.4204137345651	-1.97239908479399	1.56240355407085	0.144414305145529	-0.330251355917658	1.90057644600306	-0.130190211751882	-1.18074458639876	1.46200172088439	-1.46968895549478	-0.851728639369946	0.651639989217248	1.11754958913247	0.0252387004428936	"1"
"SB082916TAWCSCB53D25BR1TR2I610"	0.698238123245211	0.23553903802872	0.908506667101316	-0.844946299312231	1.66193998162377	0.382457431033904	0.238736948910607	1.52121273277151	-0.306034820318225	0.356349120422171	0.7712509191696	-0.762372756259781	-0.0675452326696403	0.778195868806179	1.16286071048874	-0.292879106678167	"1"
"SB082916TAWCSCB53D25BR1TR1I225"	0.698238123245211	0.23553903802872	0.908506667101316	-0.844946299312231	1.66193998162377	0.382457431033904	0.238736948910607	1.52121273277151	-0.306034820318225	0.356349120422171	0.7712509191696	-0.762372756259781	-0.0675452326696403	0.778195868806179	1.16286071048874	-0.292879106678167	"1"
"SB082916TAWCSCB43CD26BR1TR1I219"	-1.52592413950633	-0.46628374827521	1.43811199491754	-1.81004714413834	1.79364807387911	0.467766671721466	0.266024790740494	-0.743424539452428	-0.360444138663865	-1.8599687436547	1.50153175361802	-1.50856434965121	-0.851728639369946	0.504592248939799	0.996572168641958	0.611178787587511	"1"
"SB082916TAWCSCB54D25BR2TR1I228"	0.541783257865656	-0.368272904610073	0.745760527456062	-0.844609448916125	-0.108929529958186	-1.01973524300886	0.747692091218499	0.952787514974413	-0.321017096384416	-0.13186133025571	0.916782683857523	-0.747254547421171	-0.155765865923428	0.922807432293462	1.09191184089113	-0.447045831042199	"2"
"SB082916TAWCSCB71D20BR2TR1I238"	0.125487575981089	-0.902239254425423	0.253713228290432	0.572074347256665	0.142302721103231	-1.00443315026643	0.523122131279014	0.396017951513225	-0.335210831605018	-0.706541938318539	0.671074065048163	-0.374698686755409	0.0958263103929211	1.01158136755811	1.02274897686294	-0.610590400341629	"2"
"SB082916TAWCSCB53D25BR2TR1I226"	0.698238123245211	0.23553903802872	0.908506667101316	-0.844946299312231	1.66193998162377	0.382457431033904	0.238736948910607	1.52121273277151	-0.306034820318225	0.356349120422171	0.7712509191696	-0.762372756259781	-0.0675452326696403	0.778195868806179	1.16286071048874	-0.292879106678167	"1"
"SB083016TAWCSCB41CD31BR1TR1I216"	0.227141786390622	0.379569650735151	1.91475074806152	-1.44619271170486	2.13045143240911	1.00230767938399	1.0024152985477	-0.743424539452428	-0.358472786549893	-1.19872122846033	1.8281455855192	-1.50775444560628	-1.11312310827005	0.364523625683013	0.983252990434734	0.990890392385916	"1"
"SB083116TAWCSCB22D11BR2TR2I622"	0.67170836534707	1.09661008896425	1.36121981141799	-0.130150631668955	1.07073440982355	0.963946463063518	-0.714000867488407	2.05794982859059	0.198631320858724	0.843183009645129	1.21178747039291	-0.222436726309401	-1.37451757717015	-1.63556164659215	1.17195567006742	1.72373603247971	"1"
"SB083116TAWCSCB22D11BR2TR1I210"	0.67170836534707	1.09661008896425	1.36121981141799	-0.130150631668955	1.07073440982355	0.963946463063518	-0.714000867488407	2.05794982859059	0.198631320858724	0.843183009645129	1.21178747039291	-0.222436726309401	-1.37451757717015	-1.63556164659215	1.17195567006742	1.72373603247971	"1"
"SB041117TAWCSCB61D11BR1TR1I302"	-1.59738588018459	-0.859735629939997	-1.5843545582027	0.742449048644379	-0.629386511967654	-0.332104491585824	-1.37910927176345	-1.56111184438181	-0.36438684289181	0.494780685092463	-1.5545303089306	1.75858856757854	1.60537936829101	-0.178120631786553	-1.85113506430906	-0.743744584259966	"3"
"SB041117TAWCSCB61D11BR1TR1I311"	-1.59738588018459	-1.50866491167366	-1.59572048888643	0.672517538306971	-0.821124958403996	-1.0709209874446	-1.37910927176345	-1.56111184438181	-0.36438684289181	-0.262189381234502	-1.5545303089306	1.22135221777791	0.995458940857443	0.5258212485	-1.97507346973825	-0.743744584259966	"3"
"SB041117TAWCSCB62D9BR1TR1I303"	-1.59738588018459	-1.31611196346508	-1.71394253971507	0.59802467558565	-0.961564655885571	-0.753421780245638	-1.37910927176345	-1.56111184438181	-0.36438684289181	0.144887964401638	-1.5545303089306	1.67597835499613	1.52696102762098	-0.0550107881508567	-1.84570824432705	-0.886262595408274	"3"
"SB041117TAWCSCB62D9BR1TR1I312"	-1.59738588018459	-1.31611196346508	-1.34273830302548	1.0737177986527	-0.855204844539261	-0.963646735973924	-1.37910927176345	-1.56111184438181	-0.36438684289181	0.156615121824441	-1.5545303089306	1.31476115095933	1.20021794149585	0.327224612105308	-1.99414504729362	-0.886262595408274	"3"
"SB041117TAWCSCB63D10BR1TR1I304"	-1.59738588018459	-1.38240386339743	-1.3330100933457	0.128919707952104	-0.237371943520445	-0.644392391995492	-1.37910927176345	-1.56111184438181	-0.36438684289181	-0.264138459643661	-1.5545303089306	1.53991447544864	1.34398489939091	0.255372128486257	-1.78873115689867	-0.991773864210612	"3"
"SB041117TAWCSCB72D20BR1TR1I316"	-0.312433457379296	-1.44301112042956	-0.682007023972889	0.340092945295608	-0.998484630909619	-1.12882270033202	-1.37910927176345	-0.955056547312537	0.0115518284544357	-0.0603953908873137	-0.878108520758986	1.12632347650665	0.890901153297399	0.87184711324321	-1.95560248269554	-0.991773864210612	"3"
"SB041117TAWCSCB63D10BR2TR1I313"	-1.59738588018459	-1.20783436544339	-1.2026704474923	0.967452863405405	-0.998484630909619	-0.913109836904515	-1.37910927176345	-1.56111184438181	-0.36438684289181	0.253917351440837	-1.5545303089306	1.36497520174471	1.25249683527587	0.313678976331742	-1.94625853836862	-0.991773864210612	"3"
"SB041117TAWCSCB73D12BR1TR1I308"	-1.59738588018459	-2.15489545955395	-1.78918428683919	-0.34209117795124	-0.961564655885571	-1.36551884625173	-1.37910927176345	-1.56111184438181	-0.36438684289181	-1.19438904557603	-1.5545303089306	1.43138733342861	0.964962919485759	0.832200629421288	-1.90411994841935	-1.40490367876387	"3"
"SB041117TAWCSCB71D20BR2TR1I315"	-1.34099846736145	-0.937731802124633	-1.01723268202679	0.829489003131636	-0.659932032053384	-0.622999413668382	-1.37910927176345	-1.56111184438181	-0.36438684289181	0.297294279997825	-1.5545303089306	1.18274679163646	0.795056514700694	0.346712970441237	-1.95996484800413	-0.610590400341629	"3"
"SB041117TAWCSCB73D12BR1TR1I317"	-1.52067936978483	-2.03611120212537	-1.38224995366528	-0.130059968599515	-0.599360917647958	-1.72330460521168	-1.37910927176345	-1.56111184438181	-0.36438684289181	-0.573278189475062	-1.35125105765011	1.30234262227047	0.917040600187409	1.14568907188591	-1.93013919996895	-1.40490367876387	"3"
"SB041117TAWCSCB72D20BR1TR1I307"	-1.59738588018459	-1.15320296639517	-1.88152540194659	-0.0826388949207258	-1.23773075285155	-0.166997657114995	-1.37910927176345	-1.2874412064342	-0.365175383737399	-0.545787018005978	-1.5545303089306	1.54315409162834	1.09566015393581	0.33739002660964	-1.84675808895997	-0.991773864210612	"3"
"SB041117TAWCSCB71D20BR1TR1I306"	-1.409620144049	-1.17742523979668	-1.61869229384784	0.128919707952104	-1.03618897638457	-0.585671216359627	-1.37910927176345	-1.56111184438181	-0.36438684289181	0.0898334557212641	-1.5545303089306	1.56259178870655	1.10872987738082	0.122533674893842	-1.85445574535128	-0.610590400341629	"3"
"SB041117TAWCSCB31D13BR1TR1I289"	2.44693226649694	2.54075808913599	2.01742599549404	-1.15172584657166	-1.84119151135773	0.554622523646341	1.45475711694626	0.884483588249569	3.40168423564118	2.73499752642652	0.408427979562245	0.738649407002274	-0.938860129003313	-1.54858359746573	-2.1766480437949	1.58463834145731	"1"
"SB041117TAWCSCB54D25BR1TR1I300"	-1.59738588018459	-0.584680088262472	-1.37228081876456	1.51631945116659	-0.722655991966483	-0.416955051735927	-1.37910927176345	-1.09858256501801	0.384495376480475	0.924500277473255	-1.5545303089306	1.905991103755	1.85370411374611	-0.503113779651108	-1.93868637441508	-0.447045831042199	"3"
"SB041117TAWCSCB53D5BR1TR1I284"	-0.105169514139518	0.145653614821892	-1.63030032356179	1.57219145573326	-1.11408710763021	0.377372248280356	-0.714000867488407	-0.0907851873106211	-0.213775541384314	1.20099507228054	-1.1976797676572	1.92650867289311	1.1522956221975	-0.655328523890326	-1.93146059120599	-0.292879106678167	"3"
"SB041117TAWCSCB51D33BR1TR1I296"	0.801462390496433	-0.48942384778515	-0.707885245597887	0.967522386292657	-0.402396826091784	-1.51854311574305	0.104303052777959	-0.661003203441417	-0.185388070943111	0.456061929948082	-1.01911707743165	0.820719683554732	-0.0675452326696403	0.85424371405016	-2.17038468830821	0.279870319652986	"3"
"SB041117TAWCSCB44D31BR1TR1I295"	0.85833405586351	-0.200704490782938	-0.412088251840738	1.09878830003406	0.102863806913433	-1.20489165116367	0.469814719394304	0.0506192840560826	-0.222449490685793	0.507910429175797	-0.944984196485631	0.781844289398305	-0.132893849894667	0.740440821041311	-2.19134858377677	0.414258061649525	"3"
"SB041117TAWCSCB43CD27BR1TR1I294"	1.34425267232141	0.826660147446571	0.176155065099312	1.3955729344902	0.395857264259752	0.304073194725784	0.501536839852016	-0.178936797992303	-0.190119316016645	1.26298151366629	-0.993496137610235	0.660358682659469	-0.39428831879477	0.254950262866217	-2.28260643704175	0.611178787587511	"3"
"SB041117TAWCSCB42CD26BR1TR1I293"	0.981214093691155	0.385429322703261	-0.78822224417898	1.20156827949272	-0.540801703145127	0.233149439529847	0.636964510162704	-0.0907851873106211	-0.181445366715166	0.377323143600171	-0.921962101100769	0.603665399514679	-0.39428831879477	0.163628549283875	-2.30669143947731	0.738922137208298	"3"
"SB041117TAWCSCB33CD24BR1TR1I291"	2.18522805585501	1.37944149654249	0.518016613688457	0.897270769072831	-0.237371943520445	0.383092546714411	0.966310618539312	0.43587044198951	0.343328566024303	1.72325711950509	-0.457643249207421	0.425486509631054	-1.11312310827005	-0.307921274959752	-2.34425281779427	1.2292334378816	"1"
"SB041117TAWCSCB33CD5BR1TR1I286"	-0.123022484059248	2.20127442764473	-0.273441028628181	-0.34209117795124	-0.889953576130064	0.444144010810232	0.714936851907875	0.610561203304714	5.80357965130522	0.268969501655971	0.121227294402409	1.65654065791792	-0.0675452326696403	-2.3182797224857	-1.97353091712751	1.2292334378816	"1"
"SB041117TAWCSCB32D10BR2TR1I290"	2.33895612657439	2.17744072863386	1.48701661411226	0.976696854980375	-0.889953576130064	0.393871478210453	1.36030510051324	0.902551695174368	2.412065474427	2.27777550150508	0.186122889788486	0.652259642210213	-0.764597149736579	-1.28472141440235	-2.22812431471561	1.46435241112747	"1"
"SB041117TAWCSCB22D11BR2TR1I288"	1.03439375272792	2.53379725482788	1.58760587294695	-0.34209117795124	-0.32429939838547	-0.154336388984549	0.0880026408522344	0.396017951513225	6.68359123498252	2.45378711983282	0.08084507562093	2.01289843768517	-0.0675452326696403	-2.64409240382657	-1.91583493779667	1.72373603247971	"1"
"SB041117TAWCSCB54D25BR2TR1I310"	0.778183468191388	-0.852173886706367	0.101878451822745	0.0335337426338019	-0.629386511967654	-1.08164169695575	-1.04986325079599	-1.56111184438181	-0.36438684289181	0.809963385498312	-1.5545303089306	0.849066325127127	0.618615248193126	0.891696006532824	-2.09248361507051	-0.447045831042199	"3"
"SB050817TAWCSCB71D20BR2TR1I349"	-0.0505395028043445	-1.00961616248362	-1.21163625283802	0.402642113798014	-0.771205102236739	-0.58145515600043	-0.615681227852045	-0.839674365303407	-0.355712893590331	-0.376788028141779	-1.5545303089306	0.637141433371603	0.664359280250646	0.118345528032353	-1.07482133907889	-0.610590400341629	"3"
"SB050817TAWCSCB61D11BR1TR1I336"	-0.835736545751782	-0.891961190594882	-1.48547808613441	1.02182416411771	-0.722655991966483	-0.532095928548076	-1.37910927176345	-1.56111184438181	-0.36438684289181	0.598694483466477	-1.35125105765011	1.35525635320561	1.34398489939091	-0.228254626648744	-1.07682599570134	-0.743744584259966	"3"
"SB050817TAWCSCB61D11BR1TR1I345"	-1.03390671503608	-1.07976535253256	-1.43304075812372	0.532010062357934	-1.7254303995325	-0.548747833139155	-0.323436175993693	-0.416061121301456	-0.347433214711647	-0.405091843911878	-0.944984196485631	0.546432180339939	0.542375194763931	0.058700585910348	-1.09988709077921	-0.743744584259966	"3"
"SB050817TAWCSCB62D9BR1TR1I337"	-1.59738588018459	-0.955259938132781	-1.52868335624587	1.03938611530889	-0.855204844539261	-0.467105560772001	-1.37910927176345	-1.56111184438181	-0.36438684289181	0.440173707312898	-1.49712474575418	1.37631385837367	1.26556655872088	-0.164944821576728	-1.07010964971252	-0.886262595408274	"3"
"SB050817TAWCSCB62D9BR1TR1I346"	-0.502935963609974	-0.694622384862848	-0.694891936517359	0.16692679391613	-0.787689009527754	-0.416955051735927	-0.945730072824731	-1.2874412064342	-0.352558730207975	0.486367492897446	-1.49712474575418	0.880652582879224	0.795056514700694	-0.0375867094500198	-1.13388306817067	-0.886262595408274	"3"
"SB050817TAWCSCB73D12BR1TR1I351"	-1.18521922998942	-1.50077590878949	-0.977957085408988	0.371794437080936	-0.34994790794436	-1.10220286075492	-1.37910927176345	-1.2874412064342	-0.365175383737399	-0.403873671383518	-0.968808289910319	0.825039171794335	0.742777620920675	1.11465336455662	-1.12349003798797	-1.40490367876387	"3"
"SB050817TAWCSCB72D20BR1TR1I341"	-1.59738588018459	-0.884284855128424	-1.25723626433078	1.05668134608981	-1.07471122798314	-0.610227858739197	-1.37910927176345	-1.09858256501801	-0.240110373086279	0.558820494103731	-1.04574933748604	1.28722441343186	1.17407849460585	0.100765897729789	-1.04230591676305	-0.991773864210612	"3"
"SB050817TAWCSCB72D20BR1TR1I350"	0.15127966673667	-1.52566213951746	-0.318255884947324	-0.531419036257924	-0.691015525671444	-1.78157956651104	0.0123573802858033	-1.2874412064342	-0.35650143443592	-0.255568813772053	-0.142830689838072	0.529154227381527	0.585940939580615	1.40245517832134	-1.14793008265752	-0.991773864210612	"2"
"SB050817TAWCSCB73D12BR1TR1I342"	-1.48248861739416	-1.47282143525445	-1.35252569965672	0.239360381153959	-1.11408710763021	-1.00347905194954	-1.37910927176345	-1.56111184438181	-0.36438684289181	-0.197115257120976	-0.968808289910319	1.09608705882943	0.847335408480718	0.775888387408893	-1.07490852506911	-1.40490367876387	"3"
"SB050817TAWCSCB71D20BR1TR1I340"	-0.879590540864147	-0.795892012073666	-1.29467575910439	1.1863258200297	-0.599360917647958	-0.323500134065189	-1.37910927176345	-1.56111184438181	-0.36438684289181	0.394912675981924	-1.5545303089306	1.20461420084945	1.06952070704581	-0.0242992785585459	-0.978238926431179	-0.610590400341629	"3"
"SB050817TAWCSCB63D10BR1TR1I338"	-0.425727693394035	-0.828818450741436	-0.939638556973408	1.20153997863965	-0.37597662698982	-0.496567703304536	-1.37910927176345	-1.56111184438181	-0.36438684289181	0.642731964176782	-1.35125105765011	1.37955347455338	1.37012434628092	0.00480279501832551	-0.988198903550749	-0.991773864210612	"3"
"SB050817TAWCSCB54D25BR1TR1I343"	-0.247137838644891	-0.181849161542581	-0.909643573477159	-0.464796757507651	-0.512236207918804	0.0167413099461813	0.685351014400713	-0.211900305542525	-0.327325423149128	-0.410065777364031	-0.857182641617046	-0.00133292204472122	-0.106754403004655	0.206498417899597	-1.23555033182061	-0.447045831042199	"2"
"SB050817TAWCSCB63D10BR2TR1I347"	0.313335034427664	-0.579516743049798	-0.576630690326734	0.719611050702952	-0.45645930777947	-0.58145515600043	-0.914373193311895	-1.2874412064342	-0.358078516127098	0.778368855345911	-1.35125105765011	0.801281986476518	0.847335408480714	0.239347826020523	-1.12011311114054	-0.991773864210612	"3"
"SB050817TAWCSCB53D25BR2TR1I333"	0.0112979742815826	0.254945632102249	-1.09049112271786	-0.301750285113659	0.0828044822204835	0.512082227282901	0.854503798003882	0.50694275221442	-0.205890132928424	-0.712853041769623	-0.836868606755793	0.0529306489652921	-0.328939701569744	0.125465953331498	-1.24527262482924	-0.292879106678167	"2"
"SB050817TAWCSCB22D11BR1TR1I322"	1.20453908438053	2.30659261583266	0.886704333269904	-0.00770688372228816	-0.37597662698982	1.38677861200754	0.196168712180217	0.490128753759133	5.50866537505494	1.43060961020679	0.236549427664594	1.65654065791792	-0.328939701569744	-2.64409240382657	-1.57623885860343	1.72373603247971	"1"
"SB050817TAWCSCB31D13BR1TR1I323"	2.2215518330658	1.90394043630162	1.25636427878971	0.554441043924831	-0.722655991966483	0.264853179154174	1.22197416828821	0.689974210577108	1.96890551920599	2.18504375465025	-0.29837781520675	-0.233235446908409	-1.37451757717015	-1.58871521955365	-1.49837247401622	1.58463834145731	"1"
"SB050817TAWCSCB32D10BR2TR1I324"	1.77423419958496	1.70704249697673	0.369136470356917	1.10704441306795	0.180868256864922	0.742618751479798	1.44649343220449	0.738005800243078	1.34674679203628	1.21156489396099	-0.434355410781396	-0.85956124165085	-1.63591204607026	-1.1529921751344	-1.62815160028975	1.46435241112747	"1"
"SB050817TAWCSCB33CD5BR1TR1I320"	0.847296446821964	1.81252760430864	-0.364444195734008	1.38273638298568	-1.03618897638457	0.450376359213402	-0.648377710567752	0.481497040017335	3.99545549236968	1.02334979958564	-1.14832687797933	1.69973554031395	1.67508455999771	-2.32311019069178	-1.24801284285467	1.2292334378816	"3"
"SB050817TAWCSCB33CD24BR1TR1I325"	1.18248758457639	1.20999701966058	-0.576630690326734	0.719611050702952	-0.337076812415096	0.771081021411758	1.44649343220449	0.50694275221442	0.448598768910432	0.211310240085511	-0.921962101100769	-1.25911390381413	-1.63591204607026	-0.481614768300787	-1.84335896716491	1.2292334378816	"1"
"SB050817TAWCSCB54D25BR1TR1I334"	-1.59738588018459	-0.453771324710758	-1.43304075812372	1.02182416411771	-2.31734142081051	-0.28311654805148	-1.17413979902052	0.0506192840560826	-0.10811106807539	0.183312005561741	-0.572579495257569	1.18355669568139	1.14793904771583	-0.508751830856312	-1.15781385661892	-0.447045831042199	"3"
"SB050817TAWCSCB43CD27BR1TR1I328"	-0.406895852158775	0.519061545700024	-1.03322120197445	-0.778659392294868	0.199835263021825	0.686135668042235	1.10376967939571	0.238402591832244	-0.135709997671005	-0.699549722748066	-0.878108520758986	-0.870359962249857	-1.37451757717015	-0.0670312759984081	-1.63628871113356	0.611178787587511	"1"
"SB050817TAWCSCB44D31BR1TR1I329"	-0.367782405364865	0.52407531751039	-1.14990992405579	-0.7581628030453	-0.484126786931236	0.56186225072045	1.02103157238885	0.292431212088665	-0.0245257384429582	-0.532344483494199	-0.921962101100769	-0.716478193713999	-1.11312310827005	0.0510503781169907	-1.60825092032683	0.414258061649525	"1"
"SB050817TAWCSCB51D33BR1TR1I330"	-0.312231881806474	0.469010010390484	-0.802025673590539	-0.231003839587049	-0.249529426756899	0.573894473416625	0.883042815151733	0.0903099662978657	-0.171982876568098	-0.050079377614545	-0.899686753831773	-0.410334464732134	-0.851728639369946	0.11667054037431	-1.45839175188512	0.279870319652986	"1"
"SB050817TAWCSCB53D5BR1TR1I318"	-0.598243319928107	0.43865751272042	-1.35252569965672	1.10704441306795	-0.45645930777947	-1.68694703275725	-0.074689923477874	0.317397487189204	1.18509591869054	0.55956198644986	-0.857182641617046	1.25698799575464	0.978032642930766	-0.655328523890326	-1.18709789162736	-0.292879106678167	"3"
"SB050817TAWCSCB42CD26BR1TR1I327"	-0.598243319928107	0.541515283814173	-1.06569241871203	-0.937854740738221	0.237159965912422	0.311863413616861	1.2570082020326	0.252466679547016	0.0330377432850376	-1.10502829257879	-0.81712963104784	-0.927053245394647	-1.37451757717015	-0.118745555793194	-1.65361284960816	0.738922137208298	"1"
"SB060517TAWCSCB71D20BR1TR1I383"	0.313335034427664	-0.814762333246585	-0.894858774005258	-0.231201797293036	-0.45645930777947	-0.426604150316987	-0.508066076562273	-0.589029677709724	-0.350981648516797	-0.192954837332762	-1.04574933748604	-0.237014999118062	0.154640065895444	0.415074352681326	-0.586154629758902	-0.610590400341629	"2"
"SB060517TAWCSCB54D25BR1TR1I368"	-1.59738588018459	0.0416198638732804	-0.781366237973299	1.5501719368693	-0.889953576130064	-0.110021700066933	-1.37910927176345	-1.2874412064342	-0.363598302046221	1.37828687060658	-1.07348164200219	1.50427869747191	2.21965637020625	-1.14307664003519	-0.0461097465955738	-0.447045831042199	"3"
"SB060517TAWCSCB54D25BR1TR1I377"	-0.0400164330416435	-1.38240386339743	-1.05751183445271	-0.401812525132724	-0.569838090372336	-1.33278013504835	-0.239815689098729	-0.839674365303407	-0.354924352744742	-0.892181512364423	-0.779245724008878	-0.333393580464205	-0.0316034931958788	0.513351916585231	-0.709340412961259	-0.447045831042199	"2"
"SB060517TAWCSCB71D20BR1TR1I374"	-1.59738588018459	-0.681002183762764	-3.31318966026779	0.623398980300215	-0.989182366939117	-0.26003417960529	-1.37910927176345	-1.09858256501801	-0.362021220355043	0.438983170763422	-1.5545303089306	0.956783563102227	1.64458853862603	-0.448226848932485	-0.191904853218306	-0.610590400341629	"3"
"SB060517TAWCSCB61D11BR1TR1I370"	-1.59738588018459	-0.306760740555341	-1.13270491347333	1.05668134608981	-0.442787057134445	-0.416955051735927	-1.37910927176345	-1.56111184438181	-0.363598302046221	0.968615917536039	-1.5545303089306	1.29532345388112	1.61844909173602	-0.680794271250584	-0.0834311482389002	-0.743744584259966	"3"
"SB060517TAWCSCB73D12BR1TR1I385"	-0.535389334609519	-2.35431462154066	-0.939638556973408	-0.34209117795124	-0.429220281891429	-2.29893579402669	-1.28418308530763	-1.09858256501801	-0.362809761200632	-0.861732309741282	-0.347826869215836	0.412528044912245	0.368112215497197	1.86559467543088	-0.842829174652734	-1.40490367876387	"3"
"SB060517TAWCSCB62D9BR1TR1I371"	-1.59738588018459	-0.275426847666469	-1.28523355705586	0.967452863405405	-1.19555475438109	-0.209041122844162	-1.37910927176345	-1.2874412064342	-0.365175383737399	0.829048472015258	-1.10241519965058	1.34067808039695	1.579239921401	-0.767156815787066	-0.116044339460655	-0.886262595408274	"3"
"SB060517TAWCSCB62D9BR1TR1I380"	-0.879590540864147	-0.855951410645799	-0.981840835235299	0.0626368851207712	-0.754873449347311	-0.58145515600043	-0.571110264731776	-0.700729233750955	-0.35650143443592	-0.0953407908999379	-1.35125105765011	-0.251593271926722	-0.263591084344717	0.327224612105308	-0.572932508464652	-0.886262595408274	"3"
"SB060517TAWCSCB63D10BR1TR1I372"	-1.59738588018459	-0.61893412427893	-1.27584664708643	0.890671027208613	-0.629386511967654	-0.416955051735927	-1.37910927176345	-1.56111184438181	-0.363598302046221	0.762061419752655	-1.5545303089306	1.29370364579126	1.37012434628092	-0.687947471512676	-0.124801581284798	-0.991773864210612	"3"
"SB060517TAWCSCB63D10BR1TR1I381"	0.0308940572660773	-0.891106905110271	-0.720988697900058	-0.0370961882138791	-0.754873449347311	-0.936413236711109	-0.132504090041856	-0.623872699870489	-0.356895704858715	-0.0805577109734281	-1.11736808906039	-0.267791352825234	-0.381218595349763	0.493060796720457	-0.55856026938055	-0.991773864210612	"2"
"SB060517TAWCSCB53D25BR2TR1I367"	-0.0503414937263291	0.212477800656965	-0.588659339796446	-1.15172584657166	0.989068062185236	0.868322380593477	0.469814719394304	0.0506192840560826	-0.230334899141683	-0.493258664158431	-0.572579495257569	-0.441110818439305	-0.590334170469845	0.444869842897151	-0.760561950813729	-0.292879106678167	"1"
"SB060517TAWCSCB61D11BR1TR1I379"	-0.732994232065503	-1.14646814153782	-1.50693713159043	-0.63916737472119	-0.979928612561801	-0.921480680179811	0.117125727323845	-0.416061121301456	-0.332056668222662	-1.19532071433021	-1.10241519965058	-0.364979838216302	-0.294087105716396	0.191076278192827	-0.623682246652949	-0.743744584259966	"2"
"SB060517TAWCSCB53D5BR1TR1I352"	-0.344185982062424	0.464704607182984	-0.993549945214196	1.53261109100526	-0.961564655885571	-0.154336388984549	-1.06509683304383	-0.743424539452428	0.0724647855644868	1.15770668004173	-1.07348164200219	1.26778671635365	1.76221604963107	-1.33668324154914	-0.181076423942108	-0.292879106678167	"3"
"SB060517TAWCSCB73D12BR1TR1I376"	-1.59738588018459	-0.624949411479502	-1.21163625283802	0.203715226406855	-0.961564655885571	-0.437896086549052	-1.37910927176345	-1.2874412064342	-0.365175383737399	0.687324957790559	-1.5545303089306	1.02805511905568	1.08259043049081	-0.0947700184414114	0.342801968475556	-1.40490367876387	"3"
"SB060517TAWCSCB31D13BR1TR1I357"	1.19187168405469	1.27341092278084	-0.00886449510031492	-0.7581628030453	0.161692271928976	0.600217143272944	1.54187098976029	1.02572483561745	0.245155230748474	0.454101198879107	-0.208138835159315	-1.44269215399726	-1.63591204607026	-1.45145627643641	-0.930234846058021	1.58463834145731	"1"
"SB060517TAWCSCB22D11BR2TR1I356"	1.61648391923089	1.72954026095798	0.4128363611345	0.0487533270561482	-0.787689009527754	0.291049860441895	1.14828464123926	0.67859555256013	2.53823200972124	1.10119237291114	-0.317773624970993	-0.578794506076652	-1.37451757717015	-2.08767488033914	-0.6193203520508	1.72373603247971	"1"
"SB060517TAWCSCB44D31BR1TR1I363"	0.726457790570049	0.740061755057031	-0.333495463371819	-0.52157189298707	0.617028322747618	0.90449546382624	1.21687521384481	0.385526321191366	-0.227180735759327	-0.0443964454493054	-0.389848131118134	-0.894657083597624	-1.11312310827005	0.0990925408889496	-0.94236873334235	0.414258061649525	"1"
"SB060517TAWCSCB44D5BR1TR1I353"	0.378973029599128	0.840686091890145	-0.187635207187595	1.90107661581322	-0.201397514849473	0.615676658293452	-1.24183648177005	0.127148431112115	-0.0749923525606531	1.62732035885948	-0.899686753831773	1.72133298151196	2.28500498743128	-1.43326053379971	-0.114934735296459	0.414258061649525	"3"
"SB060517TAWCSCB51D33BR1TR1I364"	0.203993897659039	0.329231896172476	-0.682007023972889	-0.734189997698837	0.525678300891387	0.590668711022208	1.03932035284406	0.252466679547016	-0.222449490685793	-0.9738296805754	-0.308014066922292	-0.740775315061766	-0.851728639369946	0.163628549283875	-0.905836130259676	0.279870319652986	"1"
"SB060517TAWCSCB43CD27BR1TR1I362"	-0.491021060043111	0.553459997385238	-0.830005511136689	-0.994906047742096	0.556667615805869	0.646387424364686	1.27653057941154	0.515134869960707	-0.153057896273962	-1.56014868219573	-0.434355410781396	-1.08093501393051	-1.17847172549507	0.0335369394989004	-0.978508512735963	0.611178787587511	"1"
"SB060517TAWCSCB42CD26BR1TR1I361"	0.493340628450759	0.851132008010615	-1.00929881289131	-0.734189997698837	0.344553176206605	1.1056354881871	1.31455624065923	0.50694275221442	-0.0718381891782972	-0.601191294508653	-0.725982691915427	-1.22671774201711	-1.37451757717015	-0.0811133755381709	-1.03198163740939	0.738922137208298	"1"
"SB060517TAWCSCB33CD24BR1TR1I359"	-0.598243319928107	1.02612730154258	-0.404042771412723	-1.79088255669933	0.412626858362801	1.06842179492031	1.68333405392846	0.390800183723301	-0.140046972321744	-1.40693735646727	0.0476426498948726	-1.44809151429676	-1.63591204607026	-0.360080736863309	-1.17025557595887	1.2292334378816	"1"
"SB060517TAWCSCB33CD5BR1TR1I354"	1.34425267232141	1.33186123680503	-0.253944175888343	2.14898910246775	-1.41718032772643	0.0195682309964238	0.318230792323561	0.498608978276074	1.09204809891104	1.49758681795204	-0.545442080347586	1.25698799575464	1.50082158073097	-1.97116343098591	-0.416034092961726	1.2292334378816	"3"
"SB060517TAWCSCB32D10BR2TR1I358"	-0.486585743383253	1.13114561780244	-0.396039772405033	-0.937854740738221	0.445687084080889	0.541309711246884	1.71492771154434	0.916504342827108	0.0835043574027325	-0.71731290060868	-0.288861607715882	-1.48588703639329	-1.5052148116202	-0.965258318172647	-1.10190425406225	1.46435241112747	"1"
"SB062617TAWCSCB44D31BR1TR1I363"	0.124647236862617	0.868403753736596	0.994468732030661	-1.79088255669933	1.08208997019748	1.10357864445646	1.36030510051324	-0.743424539452428	-0.261482262542448	-0.622045419192939	1.16320162058624	-1.47778799594403	-1.2438203427201	-0.0188983189163482	-0.658799132801432	0.414258061649525	"1"
"SB062617TAWCSCB43CD27BR1TR1I362"	-0.598243319928107	0.843129079275244	0.912826284058026	-1.41411648780055	0.646435999271436	1.01183113989854	1.45475711694626	-0.743424539452428	-0.365175383737399	-0.767232049440054	1.08621577458635	-1.49803559706717	-1.30916895994512	-0.136085520537757	-0.624276682190124	0.611178787587511	"1"
"SB062617TAWCSCB53D25BR1TR1I366"	-0.598243319928107	0.154327338577796	0.0980637745334889	-1.66232686901595	0.689629253655718	0.408400790800683	0.967390756390775	0.298791321325001	-0.332845209068251	-1.37653086576257	0.48467244661397	-1.33200526785743	-1.11312310827005	0.0393728166955408	-0.326663634765275	-0.292879106678167	"1"
"SB062617TAWCSCB31D13BR1TR1I357"	2.00263903704471	1.76764094271145	1.19808948050652	-0.20507097015638	-1.03618897638457	1.43380680517333	1.57566780067499	0.531112184584079	0.584227794351737	1.67640240259724	0.638060906764208	-0.63278810907169	-1.11312310827005	-1.80116456062798	0.340549788054354	1.58463834145731	"1"
"SB071017TAWCSCB73D12BR1TR1I419"	-0.752809319977163	-2.12391605736369	-0.643985799189204	-0.531419036257924	-0.691015525671444	-1.78157956651104	-1.0423793459011	-1.09858256501801	-0.966873739174059	-0.968220521150807	0.0983978572759159	0.557230900938947	0.568514641653943	1.86800157155869	-0.622691324345813	-1.40490367876387	"2"
"SB071017TAWCSCB73D12BR1TR1I410"	-1.59738588018459	-0.81641118048734	-1.09049112271786	0.850249795722289	-0.569838090372336	-0.614479722443828	-1.37910927176345	-1.56111184438181	-0.36438684289181	0.475430866984321	-1.5545303089306	0.70409350108545	1.18714821805085	0.35010423198212	1.06044251266266	-1.40490367876387	"3"
"SB071017TAWCSCB72D20BR1TR1I409"	-1.59738588018459	-0.653761614720995	-1.3330100933457	0.648222160731644	-0.722655991966483	-0.311023364107672	-1.37910927176345	-1.56111184438181	-0.36438684289181	0.79918881570891	-1.5545303089306	0.98917972489925	1.55310047451099	-0.335381724206535	1.61961379465512	-0.991773864210612	"3"
"SB071017TAWCSCB63D10BR1TR1I406"	-0.30795713937818	-0.255225474431795	-0.851325233088854	1.45755158853594	-0.569838090372336	-0.337591326487498	-1.37910927176345	-1.2874412064342	-0.365175383737399	0.973418228091746	-1.35125105765011	0.762406592320091	1.0695207070458	-0.297032190867405	1.3366941847416	-0.991773864210612	"3"
"SB071017TAWCSCB62D9BR1TR1I405"	-1.27617122692303	-0.315156601547077	-0.985734198204041	1.26043912438643	-0.691015525671444	-0.111489613937859	-1.37910927176345	-1.56111184438181	-0.36438684289181	0.889872261686157	-1.5545303089306	0.893611047598033	1.25249683527587	-0.382572945947358	1.3467400613538	-0.886262595408274	"3"
"SB071017TAWCSCB61D11BR1TR1I404"	-1.59738588018459	-0.305472178432971	-0.851325233088854	1.2459979361636	-0.512236207918804	-0.231019163316501	-1.37910927176345	-1.56111184438181	-0.36438684289181	1.1029171240659	-1.39620164315529	1.09608705882943	1.50082158073097	-0.593047842684355	1.40446958782768	-0.743744584259966	"3"
"SB071017TAWCSCB71D20BR1TR1I417"	0.1857390398091	0.0177159708956522	0.139488462114262	-1.04006516927552	-0.998484630909619	-0.791750155639945	1.08020770838893	0.27946200611816	-0.326536882303539	-0.14668665406162	0.625742462627571	-0.817716199329695	-0.407358042239775	0.576059021434296	0.620536295872876	-0.610590400341629	"2"
"SB071017TAWCSCB71D20BR1TR1I408"	-1.59738588018459	-0.627209633503485	-1.17607165509181	0.890671027208613	-0.599360917647958	-0.225701129358201	-1.37910927176345	-1.56111184438181	-0.36438684289181	0.693047265143043	-1.5545303089306	0.806141410746071	1.3047757290559	-0.297032190867405	1.57283515287705	-0.610590400341629	"3"
"SB071017TAWCSCB54D25BR2TR1I412"	-1.22476794551825	-0.404475464410931	0.154265779211752	-0.815015725645997	-1.15435471724273	-1.39215281321218	1.02594007857863	0.27946200611816	-0.335210831605018	-1.18599757922513	0.747242694303746	-0.931449867352814	-0.526852656594111	0.878468414878132	0.360896320666337	-0.447045831042199	"2"
"SB071017TAWCSCB54D25BR1TR1I402"	-1.59738588018459	0.118355743634835	-0.701374933287299	1.05668134608981	-0.108929529958186	0.148498174285237	-1.37910927176345	-1.2874412064342	-0.365175383737399	1.08646852033047	-1.5545303089306	1.15925957433362	1.72300687929606	-0.883452171302884	1.34576282035921	-0.447045831042199	"3"
"SB071017TAWCSCB44D31BR1TR1I397"	0.0694382553554195	0.784255246547969	0.502219595619235	-1.75163327264158	0.361823651224317	1.55043399221344	1.11507507309129	1.05184981604696	-0.306034820318225	-0.708405935640815	0.824891670276724	-1.18622253977083	-0.851728639369946	0.160690140353538	0.348597217795535	0.414258061649525	"1"
"SB071017TAWCSCB51D33BR1TR1I398"	-0.598243319928107	0.761018351924206	0.43722308066783	-1.41411648780055	0.865223107704085	1.61925907459552	1.12068275529726	0.732906920273857	-0.303669197781458	-1.18671518732918	0.773879185777384	-1.09713309482902	-0.851728639369946	0.34374609767035	0.372804977633919	0.279870319652986	"1"
"SB071017TAWCSCB31D13BR1TR1I391"	1.56175971485658	1.65465976623502	1.1786865640235	0.203850816983708	-0.0211059593335697	1.55404356726795	1.37366751132774	0.406289720595473	0.334260346300029	1.44774725539931	0.807364333300339	-0.643586829670698	-1.28738608753678	-1.91545452601724	0.570002469542548	1.58463834145731	"1"
"SB071017TAWCSCB32D10BR1TR1I392"	1.3469136330759	1.41949415219402	1.16080384576899	-0.231003839587049	0.199835263021825	1.55178802851366	1.68501835755469	-0.0516821558728412	-0.160943304729852	0.698144221185751	1.05683741167477	-1.32714584358788	-1.37451757717015	-1.39229162422463	0.19364054820125	1.46435241112747	"1"
"SB071017TAWCSCB33CD5BR1TR1I388"	1.47110371365236	1.06625886675982	0.45225663104508	2.06759961231935	0.717835622349638	1.04547922291462	-1.24183648177005	-0.743424539452428	-0.358867056972687	1.84632964779952	-0.645207599881061	0.857435333591358	1.1522956221975	-1.74827283752916	0.912632020556875	1.2292334378816	"3"
"SB071017TAWCSCB22D11BR2TR1I390"	1.92116726592573	2.31070104895985	1.5038563144872	0.128919707952104	-0.599360917647958	3.5989206789445	0.355499092980415	0.752975044022987	2.47987998714765	1.78666935690733	0.697196348337653	0.53347371562113	-0.764597149736579	-2.54899224348737	0.983252990434735	1.72373603247971	"1"
"SB071017TAWCSCB42CD26BR1TR1I395"	-0.598243319928107	0.872866435434708	1.25804081744147	-1.79088255669933	0.429235796480086	1.52960481455148	1.43816836090998	-0.743424539452428	-0.356895704858715	-1.48006165121179	1.42866865599828	-1.49398607684255	-1.2438203427201	-0.293355383162328	-0.11493473529646	0.738922137208298	"1"
"SB071017TAWCSCB43CD27BR1TR1I396"	-0.406895852158775	0.681022074834418	1.11317882346018	-1.79088255669933	0.0625116542787856	1.18992229186238	1.31455624065923	0.109060803663656	-0.347827485134441	-1.07681039813749	1.29464209570022	-1.49722569302225	-1.30916895994512	-0.223740803899201	-0.0647484400838451	0.611178787587511	"1"
"SB071017TAWCSCB44D5BR1TR1I387"	0.921553509338105	1.15571752013504	0.150585439096423	1.88050518357039	0.161692271928976	1.38393627927934	-0.812199123348328	-0.743424539452428	-0.358867056972687	1.8692297621181	-0.836868606755793	1.45136496653678	1.76221604963107	-1.24252934236542	1.05457231353759	0.414258061649525	"3"
"SB071017TAWCSCB33CD24BR1TR1I393"	0.622777582413508	1.18807005498143	1.44905528775075	-0.844525251632319	0.537364442942419	1.4635694741561	1.63515496870633	-0.743424539452428	-0.351178783728195	0.037527853204807	1.43484369384522	-1.49107042228081	-1.47907536473019	-0.903607972410914	-0.0524050604717271	1.2292334378816	"1"
"SB080717TAWCSCB61D11BR1TR1I447"	0.171516760518307	-0.0700635216384493	0.502219595619235	0.251000074200778	-1.46500921614636	-0.847785636617359	0.544225271107483	1.15732803948291	-0.346250403443263	0.50549883941771	0.600574387929281	-0.587433482555858	-0.09368467955965	0.516130146899215	0.503406417012241	-0.743744584259966	"2"
"SB080717TAWCSCB53D5BR1TR1I420"	-0.56450461149529	0.119911378100423	-0.155551730991699	1.3955729344902	0.878016862326135	0.603790937044366	-0.812199123348328	-0.284611017120964	-0.338364994987374	0.722208928451616	-0.630087974496164	0.684655804007236	0.978032642930766	-0.782149755054846	0.722025237209161	-0.292879106678167	"3"
"SB080717TAWCSCB54D25BR2TR1I437"	-0.814428608771444	-0.405152014317092	-0.851325233088854	1.36980185817256	-0.889953576130064	-0.416955051735927	-1.37910927176345	-0.839674365303407	-0.360444138663865	1.12711457450198	-1.16436890436302	1.08312859411062	1.16100877116084	-0.599449048819558	0.871686183134643	-0.447045831042199	"3"
"SB080717TAWCSCB54D25BR2TR1I446"	0.611734610363791	-0.0349240379517357	0.561614774852654	-0.602123058446772	-3.20133596086839	-0.962704010587423	0.927771673316148	1.45784603492916	-0.265673155763445	-0.167901359553712	0.93673402324376	-0.940705913580535	-0.657549891044157	0.696426464710552	0.459887177715516	-0.447045831042199	"2"
"SB080717TAWCSCB71D20BR1TR1I442"	-0.247137838644891	-0.439957959853091	-0.939638556973408	1.17090538239025	-1.03618897638457	-0.341515910889967	-1.37910927176345	-0.661003203441417	-0.478727700118575	0.759088515377715	-1.23278254365727	0.749448127601282	0.991102366375774	-0.045056354447401	0.631272124329821	-0.610590400341629	"3"
"SB080717TAWCSCB71D20BR1TR1I451"	0.559721050985358	-0.473968093559539	0.0942391446171073	0.239360381153959	-1.90199117187327	-1.0178187114001	0.596432848745918	0.983406795386933	-0.335210831605018	0.0745278991355462	0.547953448016255	-0.554497384728885	-0.178637881952182	0.5400810797534	0.525209374742028	-0.610590400341629	"2"
"SB080717TAWCSCB62D9BR1TR1I439"	-0.15017091818474	-0.428289723111541	-0.894858774005258	1.09050306619744	-0.754873449347311	-0.110021700066933	-1.37910927176345	-0.839674365303407	-0.36438684289181	0.708388488042611	-1.49712474575418	0.686275612097087	1.03031153671079	-0.207726911780119	0.671594071667247	-0.886262595408274	"3"
"SB080717TAWCSCB73D12BR1TR1I453"	0.559721050985358	-1.87222213416234	-0.210981295652898	0.239360381153959	-0.925397527447478	-2.03815232766276	-0.218132774756309	-0.3686391877999	-0.354924352744742	-0.70885007423253	0.297835459542639	0.46220215966768	0.402964811350543	1.56570454749776	0.0706688360414075	-1.40490367876387	"2"
"SB080717TAWCSCB63D10BR1TR1I440"	0.0881490561163607	-0.547353167287036	-0.675604681676934	1.26043912438643	-0.925397527447478	-0.58145515600043	-1.37910927176345	-0.0907851873106211	-0.493899792039567	0.522267244644582	-0.968808289910319	0.579368278166912	0.964962919485759	-0.0591567476867037	0.577770366492181	-0.991773864210612	"3"
"SB080717TAWCSCB72D20BR1TR1I443"	-1.37480849457993	-0.561910974173755	-0.954853962898728	0.929708311561102	-0.629386511967654	-0.58145515600043	-1.37910927176345	-0.743424539452428	-0.641405439125502	0.666647881093948	-1.35125105765011	0.87579315860967	1.16100877116084	0.0606484394237597	0.588435241170291	-0.991773864210612	"3"
"SB080717TAWCSCB63D10BR1TR1I449"	0.0503217461739567	-0.445472089826296	0.0632777963145345	0.371794437080936	-1.78237929090912	-0.891810805517498	0.57261733410909	0.722538429813037	-0.350193107671208	-0.0600225887135923	0.488312406886054	-0.172222675524016	0.193849236230461	0.617251853853619	0.479128062528621	-0.991773864210612	"2"
"SB080717TAWCSCB72D20BR1TR1I452"	1.49918759938703	-0.387634597744402	0.793557897261135	-0.0826388949207258	-1.56468326893568	-1.30764895982337	0.624252139456283	0.341167122698586	-0.352558730207975	0.725208292895705	0.58121171648727	-0.136262935929321	0.162481899962447	0.940884140138926	0.418923619686087	-0.991773864210612	"2"
"SB080717TAWCSCB73D12BR1TR1I444"	-1.17072881520715	-1.04601361178952	-1.15424043962601	0.684474189897837	-0.961564655885571	-0.788763478539057	-1.37910927176345	-0.955056547312537	-0.365175383737399	0.231552334636982	-0.910734308352614	0.786703713667858	0.847335408480718	0.579488703069659	0.570628562986339	-1.40490367876387	"3"
"SB080717TAWCSCB51D33BR1TR1I432"	-0.598243319928107	0.0620283118614416	0.461201531888506	-1.15172584657166	1.73294014618116	-0.0230835934093025	0.425769513599188	1.70400979376613	-0.168040172340153	-1.707774847637	0.600574387929281	-0.84606284090209	-0.328939701569744	0.663688808594928	0.482955195194684	0.279870319652986	"1"
"SB080717TAWCSCB62D9BR1TR1I448"	-0.10475297257765	-0.295834237774575	-0.0568731453758898	0.307489279589851	-1.7254303995325	-0.684978825873826	0.395975638804317	1.0064759262926	-0.349010296402825	-0.0629790307698422	0.418338814674077	-0.168983059344314	0.272267576900492	0.174546744530596	0.593585816485986	-0.886262595408274	"2"
"SB080717TAWCSCB44D31BR1TR1I431"	1.42224445712522	0.787498441643844	0.980166080956104	-1.15172584657166	1.70960210044487	0.329971755728222	0.292505914990448	1.8609283836248	-0.100225659619501	0.871642962716273	0.499140904264536	-0.991845568988693	-0.39428831879477	0.627562514429384	0.495316865659824	0.414258061649525	"1"
"SB080717TAWCSCB31D13BR1TR1I425"	0.888330781625377	1.24062943496397	1.21721885552125	-0.554509318527087	-0.855204844539261	0.225177275981669	1.09234187257998	1.82376856614325	0.704086002881263	0.500359180290498	1.35697631921292	-1.28071134501215	-1.11312310827005	-1.37842417860473	0.620283901742358	1.58463834145731	"1"
"SB080717TAWCSCB44D5BR1TR1I421"	0.124647236862617	0.358228571318581	-0.146510346119418	1.81644502612145	0.237159965912422	-0.117367597423246	-0.812199123348328	0.252466679547016	0.152107410968974	1.10119237291114	-0.234118179541509	0.84663661299235	0.978032642930766	-1.08260727404415	0.670958157631227	0.414258061649525	"3"
"SB080717TAWCSCB32D10BR1TR1I426"	0.708372080867551	1.01337934897509	1.48701661411226	-1.15172584657166	0.161692271928976	-0.416955051735927	1.33766849998806	1.6090533367797	0.454118554829555	0.255354924320954	1.49423977187754	-1.56687744088585	-1.11312310827005	-0.887361097592397	0.595094082681321	1.46435241112747	"1"
"SB080717TAWCSCB33CD5BR1TR1I422"	0.406996654099501	1.0477830848986	-0.0295465888061247	1.8339180774375	-0.45645930777947	0.626338572120367	-0.992276351789465	1.40574445756946	0.782940087440161	1.30248554903298	-0.337676404059494	0.835837892393343	0.978032642930766	-1.74874304427417	0.595094082681321	1.2292334378816	"3"
"SB080717TAWCSCB33CD24BR1TR1I427"	0.67170836534707	0.531154554178398	2.06582610005679	-1.15172584657166	1.65790704277025	0.127345374196377	1.26437026853858	0.209034706732082	-0.0249200088657527	-0.668945312811621	1.95831319518638	-1.47400844373438	-1.02599161863668	-0.169612479029092	0.595094082681321	1.2292334378816	"1"
"SB080717TAWCSCB42CD26BR1TR1I429"	-0.598243319928107	0.412235633804185	0.788850993962243	-1.41411648780055	1.56240355407085	-0.465476223924313	-0.761379396363277	1.8453893835589	0.887816019903496	-1.79072483325984	0.956260298037523	-1.37574008628341	-0.851728639369946	0.325954307853003	0.639240713674623	0.738922137208298	"1"
"SB080717TAWCSCB43CD27BR1TR1I430"	-0.598243319928107	0.325981954503727	0.372302332264659	-1.30771590698683	1.36326127770704	-0.0662755937908379	-0.761379396363277	1.99091268828458	0.145799084204262	-1.707774847637	0.64111373963806	-1.17002445887232	-0.590334170469845	0.513565613375044	0.545009062326041	0.611178787587511	"1"
"SB080717TAWCSCB22D11BR1TR1I423"	2.08357307461492	2.61285001856179	1.90658029546228	-0.0826388949207258	-3.07921078002534	1.64219000410572	0.627901363535287	1.36860204147461	5.53153305957702	2.28144104538788	1.01851005562305	0.0205344871682691	-1.11312310827005	-2.36548175103549	0.64557192672566	1.72373603247971	"1"
"95_FiltCtrl_Surface_R1"	0.124647236862617	0.358228571318581	-0.146510346119418	1.81644502612145	0.237159965912422	-0.117367597423246	-0.812199123348328	0.252466679547016	0.152107410968974	1.10119237291114	-0.234118179541509	0.84663661299235	0.978032642930766	-1.08260727404415	0.670958157631227	0.414258061649525	"3"
"SB082817TAWCSCB54D25BR1TR1I470"	-0.440744594250084	-0.578780171739076	-0.472428423866324	1.17090538239025	0.0419799047126983	-0.217360947260488	-1.37910927176345	-1.56111184438181	-0.36438684289181	1.00360720655655	-0.676433512277736	1.08798801838017	0.899614302260737	-0.423134925228224	0.309229077064502	-0.447045831042199	"3"
"SB082817TAWCSCB53D25BR1TR1I468"	0.411808352466671	0.52407531751039	0.590406590641299	-0.16700119500224	1.73679877723072	1.35538244366523	0.311867894005245	1.14927964406758	-0.304457738627047	-0.150348369221916	0.500932503864123	0.268905060945444	0.455243705130562	0.107460880715743	0.561660422034571	-0.292879106678167	"1"
"SB082817TAWCSCB73D12BR1TR1I478"	-0.440744594250084	-1.18425536931809	-0.390727830699331	0.623398980300215	-0.177818562858984	-0.862397479637646	-1.37910927176345	-1.56111184438181	-0.36438684289181	0.145531128137292	-0.104619859388584	0.984320300629697	1.00417208982078	0.663688808594928	0.395649816041922	-1.40490367876387	"3"
"SB082817TAWCSCB44D5BR1TR1I455"	0.0694382553554195	0.316665040880767	-0.0212389806075457	1.3955729344902	0.813075191375728	1.04757128024	-1.24183648177005	-0.743424539452428	-0.360444138663865	1.0777896359628	-0.279462312483425	1.01941614257647	1.1522956221975	-1.07902390651632	0.5201138610318	0.414258061649525	"3"
"SB082817TAWCSCB22D11BR2TR1I458"	0.583401733348233	1.44767903277852	1.30091545970074	-0.34209117795124	0.0828044822204835	1.00654360201999	0.83255664847513	1.11109748760701	1.95865448821334	0.339326793954779	1.30506826458704	-0.773171476858789	-1.11312310827005	-1.54227734451555	0.487073024074113	1.72373603247971	"1"
"SB082817TAWCSCB63D10BR1TR1I483"	1.0109906435235	-0.431714626568069	0.69122995982145	-0.0826388949207258	-0.274100286660148	-1.12882270033202	0.633349452011025	1.00927734390957	-0.329691045685895	0.287600122283846	0.755317248540048	-0.00538244226934883	0.0108731080003909	1.07898136216779	0.181775309900735	-0.991773864210612	"2"
"SB082817TAWCSCB32D10BR1TR1I460"	-0.598243319928107	0.36733994828711	1.62883754427185	-1.48940601681131	1.35363208912492	1.00124787864699	0.763670708648549	-0.416061121301456	-0.173559958259276	-0.927248512556333	1.60710012262384	-1.61547168358138	-1.37451757717015	-0.199782437984776	0.595094082681321	1.46435241112747	"1"
"SB082817TAWCSCB63D10BR1TR1I474"	0.194181677569312	-0.608449049720595	-0.625321486144405	0.967452863405405	0.0212036253058129	-0.0968388365685821	-1.37910927176345	-1.56111184438181	-0.36438684289181	0.307006285856743	-0.725982691915427	0.887131815238628	0.677429003695649	-0.126179200597273	0.189173460325465	-0.991773864210612	"3"
"SB082817TAWCSCB44D31BR1TR1I465"	-0.598243319928107	0.32132932076615	0.762675911542551	-0.7581628030453	1.51036058855067	0.40650916527372	-0.5150065687858	1.80209927567703	0.0527512644247622	-0.989661105859784	0.827368006046237	-0.999944609437948	-0.524985553244818	0.184210529506555	0.773485140476153	0.414258061649525	"1"
"SB082817TAWCSCB31D13BR1TR1I459"	0.639348598525038	0.717730303536696	1.58367339701316	-0.0370125725232004	1.08208997019748	0.907765031199695	0.924399850415402	0.538905882044345	0.0724647855644868	-0.0934459281387943	1.59725335313932	-1.45349087459627	-1.37451757717015	-0.639387094290724	0.532549185938637	1.58463834145731	"1"
"SB082817TAWCSCB62D9BR1TR1I473"	0.124680863172759	-0.711820226387277	-0.720988697900055	0.786798564816675	-0.225298213084509	-0.286978855253608	-1.37910927176345	-1.56111184438181	-0.36438684289181	0.291379672641191	-0.761042139815955	0.935726057934163	0.821195961590704	-0.268411717465757	0.214730565853052	-0.886262595408274	"3"
"SB082817TAWCSCB62D9BR1TR1I482"	0.972247876281745	-0.471170445948757	0.683627323105569	-0.20507097015638	-0.402396826091784	-1.17466074082922	0.554111653167153	1.06435508852649	-0.326536882303539	0.28298348547985	0.760660052233386	-0.0393984121562229	0.0108731080003909	0.990612105679216	0.19434620194539	-0.886262595408274	"2"
"SB082817TAWCSCB42CD26BR1TR1I463"	-0.598243319928107	0.317131994416143	1.15177354907494	-1.75163327264158	1.51036058855067	0.304073194725784	-0.20399602579784	-0.0907851873106211	0.966670104462394	-1.93197328127108	1.26421348901451	-1.44539183414701	-0.851728639369946	0.110809304661156	0.639240713674623	0.738922137208298	"1"
"SB082817TAWCSCB54D25BR2TR1I480"	1.42104939028118	-0.335320089429355	0.80758417405768	-0.271544751330862	-0.540801703145127	-1.18470786267572	0.738792445363471	1.12634600905998	-0.322594178075594	0.319716040136329	0.824891670276724	-0.166148395187075	-0.070812663530891	1.06167580962011	0.249600126831074	-0.447045831042199	"2"
"SB082817TAWCSCB43CD27BR1TR1I464"	-0.598243319928107	0.101683049204998	1.14814459068455	-1.41411648780055	1.35363208912492	-0.184202802939896	-0.20399602579784	0.711933977411232	0.869679580454949	-1.99740038685356	1.30358571527621	-1.44539183414701	-0.851728639369946	0.125465953331498	0.64557192672566	0.611178787587511	"1"
"SB082817TAWCSCB53D5BR1TR1I454"	-0.598243319928107	0.278925269460246	0.284284981173525	0.74819321146272	1.12677445494853	0.829534178975307	-0.330251355917658	0.939929463999252	-0.227969276604916	0.317736766723367	0.288694791519763	0.771045568799297	0.716638174030665	-0.579168112027616	0.446017492682666	-0.292879106678167	"2"
"SB082817TAWCSCB33CD24BR1TR1I461"	-0.44602346160571	0.105342641303259	1.47281857499337	-1.15172584657166	1.22324488925054	0.744904474677635	0.373577087470833	0.706539991126784	-0.0891860877812548	-1.37653086576257	1.5242739075159	-1.47508831579428	-0.851728639369944	-0.0489282154459049	0.595094082681321	1.2292334378816	"1"
"SB082817TAWCSCB33CD5BR1TR1I456"	2.33182241664143	1.39833994612172	0.698791740795316	2.94877605820994	0.826261020691364	1.05383978759034	-1.24183648177005	-0.743424539452428	-0.365175383737399	2.51474381266254	-0.779245724008878	2.3368600556554	2.28500498743128	-1.49651563501017	0.536699750125486	1.2292334378816	"3"
"SB082817TAWCSCB51D33BR1TR1I466"	0.195377799305706	0.313393087843864	0.358000792384617	-0.464736145310843	1.4792504642588	1.03079889164829	0.128192146246933	1.24781543758928	-0.304852009049842	-0.438327443634702	0.33994334822217	-0.157644402715356	0.193849236230461	0.234290337341833	0.758005923008703	0.279870319652986	"1"
"SB091817TAWCSCB53D25BR2TR1I503"	-0.0297506354947689	-0.136961560733531	0.801341400209561	-0.7581628030453	1.21279064262483	0.128029773413679	0.166605827215534	0.939929463999252	-0.134132915979827	-0.532344483494199	0.587713736788852	0.0475312886657883	0.193849236230461	0.933913156113685	0.111920945136276	-0.292879106678167	"2"
"SB091817TAWCSCB63D10BR1TR1I518"	0.703327323817822	-0.848821691518722	0.327334219325523	0.545521372573189	-0.821124958403996	-1.27236169902946	-0.00765321792972498	0.426207993506326	-0.346250403443263	0.285572549793506	0.506285089823519	0.328298024239986	0.629506684397296	0.949600778442832	0.114702843937467	-0.991773864210612	"2"
"SB091817TAWCSCB63D10BR1TR1I508"	-0.713521343948641	-0.782863124055811	-1.0988444370775	0.518337242722988	-0.855204844539261	-0.332104491585824	-1.37910927176345	-1.09858256501801	-0.555085426928069	0.127958543836751	-0.743295699759454	0.96002317928193	1.20021794149585	-0.365503649617662	0.17696587495236	-0.991773864210612	"3"
"SB091817TAWCSCB72D20BR1TR1I511"	-0.732994232065503	-1.19503123959586	-0.977957085408988	0.461950935501335	-1.19555475438109	-0.754308252241108	-1.37910927176345	-1.56111184438181	-0.363598302046221	-0.0936808125537636	-0.358115146576577	0.870933734340117	0.991102366375774	0.119183079967664	0.13293598256643	-0.991773864210612	"3"
"SB091817TAWCSCB62D9BR1TR1I517"	1.20849724341146	-0.673706860094563	0.726175373282884	-0.0259869462354802	-0.925397527447478	-1.31600537947022	0.0830518455972029	0.597066566613759	-0.335999372450607	0.717465001866154	0.587713736788852	0.153358750536063	0.376825364460533	0.958320643075381	0.115050680721113	-0.886262595408274	"2"
"SB091817TAWCSCB62D9BR1TR1I507"	-0.234534126065454	-0.888546090032935	-0.802025673590539	0.829489003131636	-0.855204844539261	-0.381807033001936	-1.37910927176345	-0.955056547312537	-0.487581057336958	0.198216375505404	-0.600764843343972	0.862834693890862	0.991102366375774	-0.328860958520138	0.254174364426599	-0.886262595408274	"3"
"SB091817TAWCSCB71D20BR1TR1I520"	1.5579739154159	-0.329445337045988	0.984267724376944	0.265385471412065	-0.961564655885571	-1.00825222273809	0.0764061836661736	0.576078115488222	-0.339942076678552	0.970249070730551	0.469956601561675	0.346115913228348	0.429104258240552	0.838707202217252	0.0638686305493042	-0.610590400341629	"2"
"SB091817TAWCSCB71D20BR1TR1I510"	-0.0936902664341126	-0.586157695941618	-0.858497070030778	1.13942286880409	-0.37597662698982	-0.110021700066933	-1.37910927176345	-0.839674365303407	-0.454572829425398	0.461906927088719	-0.857182641617046	0.964882603551483	0.703568450585661	0.120858300010072	0.168647102929946	-0.610590400341629	"3"
"SB091817TAWCSCB54D25BR2TR1I505"	-1.59738588018459	-0.659878369036583	-0.872940361009465	1.10704441306795	-0.484126786931236	-0.175215371906341	-1.37910927176345	-0.955056547312537	-0.324886164723374	0.876051016757911	-1.07348164200219	1.16087938242347	1.12179960082583	-0.589045540149367	0.32665350219935	-0.447045831042199	"3"
"SB091817TAWCSCB53D5BR1TR1I488"	-0.367782405364865	0.283684606895226	-0.606881015876864	0.850288321322873	0.327109125877364	1.07361462995802	-1.06509683304383	-0.743424539452428	-0.317074392156471	0.885625723575069	-0.993496137610235	1.10580590736853	1.23942711183087	-0.754780452889284	0.405234755519734	-0.292879106678167	"3"
"SB091817TAWCSCB22D11BR2TR1I492"	1.71834773388113	1.51429648416382	1.32663734588647	0.461950935501335	-1.11408710763021	0.877126813892841	-0.115568087465047	1.30727649623617	1.57857780063945	1.82289028609827	0.819918523883377	0.15161578732099	-1.11312310827005	-1.23649442623511	0.30047631588556	1.72373603247971	"1"
"SB091817TAWCSCB44D31BR1TR1I499"	-0.598243319928107	0.0231747133907943	0.277546794472444	-1.33309625943887	1.10457786519801	0.924066144079711	0.292505914990448	1.35503106375699	-0.336787913296196	-2.06524499404323	0.613248750299952	-0.0604559173242878	0.193849236230461	0.618540414851537	0.0887934504428077	0.414258061649525	"1"
"SB091817TAWCSCB44D5BR1TR1I489"	-0.491021060043111	0.225760195916621	-0.466842911821549	1.2808127748468	0.759298645870191	0.927317063547551	-1.14724980134216	-0.589029677709724	-0.361232679509454	1.01714181561641	-0.878108520758986	1.32178031934868	1.50082158073097	-0.698272828795726	0.446017492682666	0.414258061649525	"3"
"SB091817TAWCSCB43CD27BR1TR1I498"	-0.598243319928107	0.958805895316155	0.211922251918418	-1.75163327264158	0.977077618071469	0.703525754752262	-0.074689923477874	1.6190448658738	-0.311554606237348	1.28290789852687	0.619517845520537	-0.222436726309402	-0.0675452326696403	0.483669575808849	0.0887934504428077	0.611178787587511	"1"
"SB091817TAWCSCB42CD26BR1TR1I497"	-0.598243319928107	0.103775101578028	0.225986574835417	-1.75163327264158	1.02454493849693	0.799308269224979	-0.714000867488407	1.78908650569334	-0.222449490685793	-2.06524499404323	0.628838300243777	-0.352021373497493	-0.328939701569744	0.406144311529423	0.0657641616716056	0.738922137208298	"1"
"SB091817TAWCSCB33CD24BR1TR1I495"	-0.558192267058458	0.891790588963909	0.597176462708625	-1.27552907815127	0.871631878151792	1.60240428988425	-0.714000867488407	-0.104493871993202	1.19968392433394	-0.634695277184883	0.953034624210933	-1.19432158022009	-1.11312310827005	0.0737324214774151	0.111920945136276	1.2292334378816	"1"
"SB091817TAWCSCB33CD5BR1TR1I490"	0.869457186826876	0.505201964646436	-0.367052103395361	2.2064385655226	0.282716563702752	0.828419453057835	-1.29525163709848	-0.661003203441417	-0.355712893590331	1.49352059910909	-0.797932207131554	1.28938415755166	1.50082158073097	-0.87328277037468	0.413369479414039	1.2292334378816	"3"
"SB091817TAWCSCB32D10BR1TR1I494"	1.07491833711313	0.922545067146205	1.05996176552576	0.289072034296513	0.218597731989307	1.12102253389415	0.0713880110189598	0.648881122985043	1.03606169887422	-0.105237983837113	1.21829789242821	-0.639520584128638	-1.37451757717015	-0.489052502651799	0.158470552290005	1.46435241112747	"1"
"SB091817TAWCSCB31D13BR1TR1I493"	1.39107031770678	0.955540876705639	0.688700307801169	1.13033007000917	0.509972990978025	0.821723454506116	-0.20399602579784	0.583177560739314	0.744301586006301	0.714238986934977	0.662192325383346	-0.16537574389449	-1.37451757717015	-0.777967323576408	0.229031507437589	1.58463834145731	"1"
"SB091817TAWCSCB72D20BR1TR1I521"	1.18486439660238	-1.22369426387369	0.327334219325523	0.6296555064034	-1.15435471724273	-1.80565593678527	0.0475736116882589	-0.0643953841237334	-0.354135811899153	0.141841198855852	0.530834586857259	0.354214953677604	0.585940939580615	1.79648049596651	0.094412099871897	-0.991773864210612	"2"
"SB091817TAWCSCB51D33BR1TR1I500"	-0.286091800856271	-0.0666351278189927	0.263975641356042	-1.15172584657166	0.977077618071469	0.740331498806797	0.196168712180217	1.25183539197781	-0.330479586531484	-1.11073062747658	0.590946682637081	-0.0280597555272649	0.193849236230461	0.696857550784598	0.0887934504428077	0.279870319652986	"1"
"SB091817TAWCSCB73D12BR1TR1I522"	1.38923060699673	-0.586896894975455	0.779389362987027	0.17623508253722	-0.855204844539261	-1.53858398883645	-0.183244795718055	-0.178936797992303	-0.354924352744742	1.15430450022414	0.380047019085769	0.421167021391451	0.612080386470624	1.47535037289464	0.161509873364936	-1.40490367876387	"2"
